0 0 -1 -1 1 -1 -1 0 -2 -1 0 1 0 0 0 -1 1
0 1 2 -1 -1 3 0 1 3 -1 -2 -1 1 0 1 0 1
0 -3 0 4 -3 -4 2 -4 -1 6 2 -2 -2 0 -1 0 1
0 3 -7 -1 11 -1 -2 7 -9 -9 6 6 0 -1 1 -2 1
0 4 11 -17 -11 14 -6 0 25 -6 -21 0 7 0 0 2 1
0 -15 10 39 -20 -19 20 -31 -19 52 15 -28 -7 7 -2 -3 1
0 5 -64 -9 78 -21 -8 70 -64 -86 65 50 -28 -12 12 0 1
0 59 78 -133 -66 107 -83 -14 220 -43 -201 43 90 -28 -24 11 1
0 -137 114 277 -174 -90 204 -289 -191 464 115 -334 -19 142 -15 -36 1
0 23 -528 11 541 -288 -5 684 -562 -770 683 468 -457 -146 193 20 1
0 505 540 -1080 -242 834 -967 -127 2016 -475 -1921 672 1071 -504 -359 172 1
0 -1045 1045 1862 -1672 -109 1928 -2856 -1668 4412 774 -3664 105 1934 -317 -532 1
0 0 -3952 855 3643 -3491 819 6452 -5600 -6854 7302 4333 -5703 -1512 2783 214 1
0 3952 3097 -8450 703 6315 -10762 -33 18906 -6048 -18489 8672 11548 -6974 -4509 2568 1
0 -7049 9305 10844 -15468 5150 17110 -29635 -12891 43443 3769 -38709 4098 23031 -5033 -7078 1
0 -2256 -27198 13929 21162 -37728 17675 59636 -60187 -60103 78383 38380 -65838 -13900 35142 2044 1
0 29454 11013 -62289 30495 41215 -115039 18226 179926 -78467 -176866 105841 118118 -87080 -51086 33097 1
