1 2 1 1 1 2 2 1 1 2 2 2 1 1 0 0 0
1 4 4 3 4 5 5 4 4 5 6 5 4 2 1 0 0
1 9 11 11 12 14 14 13 13 15 16 15 11 7 3 1 0
1 21 31 34 37 40 41 40 41 44 46 42 33 21 11 4 0
1 53 86 102 111 118 121 122 125 131 132 121 96 65 36 15 0
1 140 241 299 331 350 361 368 378 388 384 349 282 197 116 51 0
1 382 680 871 980 1042 1079 1107 1134 1150 1121 1015 828 595 364 167 0
1 1063 1933 2531 2893 3101 3228 3320 3391 3405 3286 2964 2438 1787 1126 531 0
1 2997 5527 7357 8525 9222 9649 9939 10116 10082 9655 8688 7189 5351 3444 1657 0
1 8525 15881 21409 25104 27396 28810 29704 30137 29853 28425 25532 21228 15984 10452 5101 0
1 24407 45815 62394 73909 81310 85910 88651 89694 88415 83810 75185 62744 47664 31537 15553 0
1 70223 132616 182118 217613 241129 255871 264255 266760 261919 247410 221739 185593 141945 94754 47090 0
1 202840 384957 532347 640860 714613 761255 786886 792934 776089 731068 654742 549277 422292 283789 141844 0
1 587798 1120144 1558164 1887820 2116728 2262754 2341075 2355909 2300091 2161899 1935087 1626311 1255358 847925 425633 0
1 1707943 3266106 4566128 5562712 6267302 6720557 6959738 6997075 6817899 6397077 5723297 4816756 3729594 2528916 1273558 0
1 4974050 9540177 13394946 16396142 18550571 19947597 20677370 20774712 20212051 18938273 16937130 14269647 11075266 7532068 3802474 0
1 14514228 27909173 39331265 48341659 54894310 59175538 61399679 61664133 59925036 56087454 50145050 42282043 32876981 22409808 11334542 0
